# PO_2_Lab-2

1. Napisz program wyświetlający tabliczkę mnożenia dla liczb całkowitych od 1 do 10,
podobnie jak na zrzucie z ekranu. <br>
1 2 3 4 5 6 7 8 9 10 <br>
1 1 2 3 4 5 6 7 8 9 10 <br>
2 2 4 6 8 10 12 14 16 18 20 <br>
3 3 6 9 12 15 18 21 24 27 30 <br>
4 4 8 12 16 20 24 28 32 36 40 <br>
5 5 10 15 20 25 30 35 40 45 50 <br>
6 6 12 18 24 30 36 42 48 54 60 <br>
7 7 14 21 28 35 42 49 56 63 70 <br>
8 8 16 24 32 40 48 56 64 72 80 <br>
9 9 18 27 36 45 54 63 72 81 90 <br>
10 10 20 30 40 50 60 70 80 90 100 <br>
Zastosuj zagnieżdżone pętle for oraz funkcje System.out.println oraz
JOptionPane.showMessageDialog do prezentacji danych. Należy do wyświetlania
przygotować łańcuch typu String, dodając kolejna linie tekstu z prezentacja danych,
podobnie jak w przykładach prezentowanych na wykładach. <br>
Program zrealizować w środowisku tekstowym (w konsoli) oraz z użyciem obiektów
graficznych JOptionPane.showInputDialog oraz JOptionPane.showMessageDialog
